844726 1592417 5978
1592417 844726 5978
1619955 1060260 4622
1060260 1619955 4622
844726 221224 4477
221224 844726 4477
9226282 2065031 3646
2065031 9226282 3646
844726 1724537 3407
1724537 844726 3407
3286622 2252591 3285
2252591 3286622 3285
221224 1592417 3284
1592417 221224 3284
8086572 1569779 2889
1569779 8086572 2889
18401856 1569779 2846
1569779 18401856 2846
221224 1724537 2737
1724537 221224 2737
2065031 1691571 2587
1691571 2065031 2587
844726 291864 2543
291864 844726 2543
521511 1569779 2453
1569779 521511 2453
1724537 1592417 2428
1592417 1724537 2428
2065031 1818471 2424
1818471 2065031 2424
8230742 2065031 2304
2065031 8230742 2304
844726 1480133 2265
1480133 844726 2265
1777521 134063 2263
134063 1777521 2263
521511 3538682 2247
3538682 521511 2247
844726 1684727 2244
1684727 844726 2244
1619955 1615633 2231
1615633 1619955 2231
844726 3483762 2129
3483762 844726 2129
1733753 1060260 2122
1060260 1733753 2122
3138542 2065031 2120
2065031 3138542 2120
844726 1619955 2113
1619955 844726 2113
844726 1050569 2110
1050569 844726 2110
1615633 1593883 2049
1593883 1615633 2049
289882 1569779 2040
1569779 289882 2040
3167582 1569779 2036
1569779 3167582 2036
9695932 1569779 2027
1569779 9695932 2027
844726 1615633 2022
1615633 844726 2022
844726 1285270 2020
1285270 844726 2020
901849 1569779 2016
1569779 901849 2016
228852 221224 2015
221224 228852 2015
9226282 18354966 1996
18354966 9226282 1996
3538682 1569779 1984
1569779 3538682 1984
1800430 1060260 1973
1060260 1800430 1973
6538032 1569779 1972
1569779 6538032 1972
3979102 1060260 1968
1060260 3979102 1968
8230742 1818471 1962
1818471 8230742 1962
844726 5157902 1936
5157902 844726 1936
8086572 18401856 1931
18401856 8086572 1931
844726 228852 1895
228852 844726 1895
2065031 18354966 1891
18354966 2065031 1891
9226282 8230742 1888
8230742 9226282 1888
134063 1060260 1888
1060260 134063 1888
844726 1323541 1882
1323541 844726 1882
9226282 1818471 1874
1818471 9226282 1874
844726 2065031 1852
2065031 844726 1852
9226282 1691571 1845
1691571 9226282 1845
2065031 1187265 1840
1187265 2065031 1840
521511 18401856 1836
18401856 521511 1836
1800430 1619955 1833
1619955 1800430 1833
844726 1223634 1820
1223634 844726 1820
9868522 1462312 1819
1462312 9868522 1819
7334922 1060260 1803
1060260 7334922 1803
4663992 2065031 1756
2065031 4663992 1756
1615633 1438780 1750
1438780 1615633 1750
677520 221224 1749
221224 677520 1749
1615633 1060260 1745
1060260 1615633 1745
18401856 1625447 1738
1625447 18401856 1738
220424 1298028 1737
1298028 220424 1737
844726 677520 1727
677520 844726 1727
221224 1684727 1723
1684727 221224 1723
1625447 1569779 1722
1569779 1625447 1722
2065031 1225993 1720
1225993 2065031 1720
844726 1060260 1705
1060260 844726 1705
1777521 1060260 1702
1060260 1777521 1702
844726 5918982 1701
5918982 844726 1701
14344342 1060260 1697
1060260 14344342 1697
9226282 3138542 1690
3138542 9226282 1690
8552732 1600425 1688
1600425 8552732 1688
3538682 18401856 1675
18401856 3538682 1675
3979102 1619955 1664
1619955 3979102 1664
5918982 2065031 1663
2065031 5918982 1663
9299262 18401856 1662
18401856 9299262 1662
1187265 1060260 1654
1060260 1187265 1654
9695932 18401856 1643
18401856 9695932 1643
9226282 1187265 1639
1187265 9226282 1639
1323541 1050569 1638
1050569 1323541 1638
844726 1388968 1617
3604052 2252591 1617
2252591 3604052 1617
1388968 844726 1617
1695578 1569779 1616
1569779 1695578 1616
3138542 18712511 1606
18712511 3138542 1606
1569779 1189589 1599
1189589 1569779 1599
2727952 1569779 1596
1569779 2727952 1596
9299262 1569779 1592
1569779 9299262 1592
3483762 1619955 1587
1619955 3483762 1587
3483762 1615633 1584
1615633 3483762 1584
9226282 4663992 1580
4663992 9226282 1580
2252591 1619955 1579
1619955 2252591 1579
7115932 2065031 1565
2065031 7115932 1565
1733753 1619955 1563
1619955 1733753 1563
4260482 18401856 1562
18401856 4260482 1562
430174 220424 1557
220424 430174 1557
2148441 18401856 1548
18401856 2148441 1548
221224 1050569 1533
1050569 221224 1533
6538032 521511 1531
521511 6538032 1531
7921702 2065031 1529
2065031 7921702 1529
1619955 134063 1524
134063 1619955 1524
3483762 1060260 1510
1060260 3483762 1510
4260482 1569779 1503
1569779 4260482 1503
844726 1549298 1497
1549298 844726 1497
1285270 1050569 1497
1050569 1285270 1497
844726 1800430 1487
5786112 1569779 1487
1800430 844726 1487
1569779 5786112 1487
2252591 1060260 1481
1060260 2252591 1481
521511 289882 1479
289882 521511 1479
2065031 1060260 1478
1060260 2065031 1478
430174 4260482 1475
4260482 430174 1475
1333474 1187265 1464
1187265 1333474 1464
2065031 1619955 1462
1619955 2065031 1462
289882 18401856 1458
18401856 289882 1458
3250422 1691571 1457
1691571 3250422 1457
1724537 1684727 1453
1684727 1724537 1453
5918982 3138542 1437
3138542 5918982 1437
700653 1569779 1426
1569779 700653 1426
1684727 1592417 1423
1592417 1684727 1423
220424 1462312 1422
1462312 220424 1422
844726 1750787 1417
1750787 844726 1417
3138542 1818471 1416
1818471 3138542 1416
3250422 1060260 1400
1060260 3250422 1400
3138542 18354966 1388
18354966 3138542 1388
700653 18401856 1386
18401856 700653 1386
7334922 1619955 1381
1619955 7334922 1381
430174 1462312 1379
1462312 430174 1379
8230742 3138542 1377
3138542 8230742 1377
9695932 521511 1375
521511 9695932 1375
1619955 1187265 1374
1187265 1619955 1374
430174 18401856 1372
18401856 430174 1372
1615633 1480133 1357
1480133 1615633 1357
6538032 3538682 1354
3538682 6538032 1354
844726 3140752 1353
3140752 844726 1353
220424 1569779 1351
1569779 220424 1351
221224 1285270 1348
1285270 221224 1348
2148441 1625447 1347
1625447 2148441 1347
9226282 7921702 1346
7921702 9226282 1346
291864 1592417 1342
1592417 291864 1342
8230742 18354966 1337
18354966 8230742 1337
9695932 8086572 1334
8086572 9695932 1334
430174 1569779 1332
1569779 430174 1332
9226282 7115932 1328
7115932 9226282 1328
3483762 2065031 1328
2065031 3483762 1328
179249 1569779 1327
1569779 179249 1327
844726 1569779 1324
1569779 844726 1324
1777521 1619955 1318
1619955 1777521 1318
5157902 1592417 1317
1592417 5157902 1317
2148441 1569779 1313
1569779 2148441 1313
1592417 1480133 1311
1480133 1592417 1311
5918982 1592417 1308
1592417 5918982 1308
677520 1675038 1307
1675038 677520 1307
221224 1549298 1301
1549298 221224 1301
1695578 1562819 1298
1562819 1695578 1298
8086572 6538032 1296
6538032 8086572 1296
1619955 1438780 1296
1438780 1619955 1296
2065031 1800430 1287
1800430 2065031 1287
3669372 3384822 1285
3384822 3669372 1285
1724725 1569779 1280
1569779 1724725 1280
1593883 1438780 1277
1438780 1593883 1277
228852 1615633 1276
1615633 228852 1276
3250422 1619955 1275
1619955 3250422 1275
6538032 18401856 1273
18401856 6538032 1273
3250422 2065031 1267
2065031 3250422 1267
844726 1998291 1265
5849392 14837862 1265
1998291 844726 1265
14837862 5849392 1265
9299262 8086572 1256
8086572 9299262 1256
2211551 1060260 1255
1060260 2211551 1255
3286622 1619955 1252
1619955 3286622 1252
8642542 1615633 1250
1615633 8642542 1250
2211551 1619955 1247
1619955 2211551 1247
1691571 1225993 1244
1225993 1691571 1244
2252591 1615633 1242
1615633 2252591 1242
220424 1342606 1240
1342606 220424 1240
844726 806374 1237
806374 844726 1237
1650379 1619955 1235
1619955 1650379 1235
844726 18410907 1234
2603182 1619955 1234
221224 1480133 1234
18410907 844726 1234
1619955 2603182 1234
1480133 221224 1234
3483762 228852 1232
228852 3483762 1232
844726 10241502 1229
10241502 844726 1229
901849 18401856 1221
18401856 901849 1221
6542142 18401856 1218
18401856 6542142 1218
2180841 1060260 1217
1060260 2180841 1217
9226282 844726 1207
844726 9226282 1207
18401856 1695578 1205
1695578 18401856 1205
1592417 1050569 1203
1050569 1592417 1203
1691571 1619955 1201
1619955 1691571 1201
1800430 1187265 1197
1187265 1800430 1197
6487212 1060260 1194
1060260 6487212 1194
2384451 1691571 1191
1691571 2384451 1191
677520 1592417 1190
1592417 677520 1190
2065031 1731963 1188
1731963 2065031 1188
1462312 1298028 1188
1298028 1462312 1188
9695932 289882 1187
289882 9695932 1187
18354966 1818471 1182
1818471 18354966 1182
1619955 14344342 1181
14344342 1619955 1181
1592417 1549298 1180
1549298 1592417 1180
901849 1342563 1178
700653 220424 1178
220424 700653 1178
1691571 1615633 1178
1615633 1691571 1178
1342563 901849 1178
844726 1695578 1177
844726 1327602 1177
3384822 220424 1177
220424 3384822 1177
1695578 844726 1177
1615633 12009222 1177
1327602 844726 1177
12009222 1615633 1177
936790 18523887 1176
18523887 936790 1176
3604052 3286622 1174
3286622 3604052 1174
9695932 6538032 1172
6538032 9695932 1172
3867072 1619955 1170
220424 1135439 1170
1619955 3867072 1170
1135439 220424 1170
1619955 1593883 1166
1593883 1619955 1166
844726 10236112 1164
10236112 844726 1164
389014 18401856 1163
18401856 389014 1163
700653 430174 1157
430174 700653 1157
9695932 3538682 1156
3538682 9695932 1156
228852 1619955 1154
1619955 228852 1154
806374 1569779 1150
5849392 1323541 1150
1569779 806374 1150
1323541 5849392 1150
6542142 1569779 1144
3138542 1731963 1144
1731963 3138542 1144
1569779 6542142 1144
9226282 18712511 1138
4260482 220424 1138
220424 4260482 1138
18712511 9226282 1138
8086572 521511 1137
521511 8086572 1137
4260482 1625447 1133
1625447 4260482 1133
2065031 18712511 1131
18712511 2065031 1131
677520 5918982 1129
5918982 677520 1129
844726 3821202 1128
3821202 844726 1128
291864 1480133 1128
1480133 291864 1128
9226282 1225993 1125
1225993 9226282 1125
5918982 221224 1121
228852 1480133 1121
221224 5918982 1121
1480133 228852 1121
3483762 1800430 1120
1800430 3483762 1120
3669372 220424 1115
220424 3669372 1115
2065031 1615633 1114
1615633 2065031 1114
844726 1462312 1106
1462312 844726 1106
3538682 2504992 1105
2504992 3538682 1105
5786112 18401856 1104
18401856 5786112 1104
9226282 3483762 1101
3483762 9226282 1101
221224 1615633 1100
1615633 221224 1100
291864 221224 1099
221224 291864 1099
844726 1439730 1097
3286622 1060260 1097
1439730 844726 1097
1060260 3286622 1097
1569779 1462312 1094
1462312 1569779 1094
521511 1625447 1093
1625447 521511 1093
1750787 1592417 1092
1592417 1750787 1092
844726 16761012 1091
16761012 844726 1091
3483762 1592417 1090
1592417 3483762 1090
930480 1619955 1089
1650379 1060260 1089
1619955 930480 1089
1060260 1650379 1089
389014 1625447 1086
1625447 389014 1086
844726 3354982 1083
3354982 844726 1083
8086572 289882 1081
65802 1821047 1081
289882 8086572 1081
1821047 65802 1081
521511 2504992 1080
2504992 521511 1080
9695932 1695578 1079
1818471 1691571 1079
1695578 9695932 1079
16927002 1060260 1079
1691571 1818471 1079
1060260 16927002 1079
228852 1592417 1078
221224 1619955 1078
1619955 221224 1078
1592417 228852 1078
8443192 14482572 1076
14482572 8443192 1076
1619955 1323541 1075
1323541 1619955 1075
844726 1821047 1074
3855312 1060260 1074
1821047 844726 1074
1060260 3855312 1074
9226282 5918982 1073
5918982 9226282 1073
289882 1625447 1072
1625447 289882 1072
18598343 18401856 1071
18401856 18598343 1071
618694 482647 1070
482647 618694 1070
2180841 1619955 1069
1619955 2180841 1069
1615633 1592417 1068
1592417 1615633 1068
1800430 134063 1067
134063 1800430 1067
2727952 18401856 1066
18401856 2727952 1066
1604181 1359710 1066
1359710 1604181 1066
430174 389014 1062
389014 430174 1062
1691571 1060260 1062
1060260 1691571 1062
3821202 1998291 1059
1998291 3821202 1059
2875842 1626113 1058
1626113 2875842 1058
1818471 1187265 1057
1187265 1818471 1057
3538682 289882 1054
289882 3538682 1054
677520 1285270 1052
1285270 677520 1052
220424 18401856 1051
18401856 220424 1051
930480 1060260 1050
14837862 1323541 1050
1323541 14837862 1050
1060260 930480 1050
1724537 1050569 1047
1050569 1724537 1047
8230742 1187265 1046
1187265 8230742 1046
5918982 1691571 1043
1691571 5918982 1043
3384822 1462312 1042
1462312 3384822 1042
3483762 2252591 1038
2252591 3483762 1038
2065031 1592417 1038
1592417 2065031 1038
901849 1625447 1036
811698 232940 1036
232940 811698 1036
1625447 901849 1036
3286622 1615633 1034
1615633 3286622 1034
1724537 1480133 1033
1480133 1724537 1033
1619955 1592417 1032
1592417 1619955 1032
1323541 1285270 1032
1285270 1323541 1032
700653 521511 1031
521511 700653 1031
1631157 1060260 1030
1060260 1631157 1030
901849 4260482 1027
4260482 901849 1027
1800430 1615633 1027
1615633 1800430 1027
844726 1691571 1025
1691571 844726 1025
1592417 1285270 1025
1285270 1592417 1025
221224 1750787 1022
1750787 221224 1022
1750787 1724537 1021
1724537 1750787 1021
9226282 1060260 1020
220424 1645625 1020
1645625 220424 1020
1060260 9226282 1020
1691571 1187265 1018
1187265 1691571 1018
18712511 18354966 1017
18354966 18712511 1017
844726 3138542 1015
3138542 844726 1015
2603182 1060260 1015
1060260 2603182 1015
8642542 1593883 1014
4663992 1691571 1014
1691571 4663992 1014
1593883 8642542 1014
6487212 1619955 1012
1619955 6487212 1012
844726 2603182 1011
2603182 844726 1011
18401856 179249 1010
179249 18401856 1010
521511 1695578 1009
1695578 521511 1009
1569779 1342563 1009
1342563 1569779 1009
430174 3538682 1007
3604052 1187265 1007
3538682 430174 1007
1592417 1223634 1007
1223634 1592417 1007
1187265 3604052 1007
1800430 1777521 1005
1777521 1800430 1005
1693722 1455557 1005
1455557 1693722 1005
8230742 7921702 1004
7921702 8230742 1004
4663992 18354966 1004
18354966 4663992 1004
2252591 134063 1003
134063 2252591 1003
7115932 1691571 1002
18211855 14837862 1002
1691571 7115932 1002
1615633 1529682 1002
1529682 1615633 1002
14837862 18211855 1002
521511 430174 1001
430174 521511 1001
3138542 1755011 1001
1755011 3138542 1001
3669372 1569779 999
1569779 3669372 999
844726 7115932 997
7115932 844726 997
228852 1060260 997
1060260 228852 997
3138542 1691571 996
1691571 3138542 996
1684727 1480133 993
1480133 1684727 993
844726 2180841 992
5918982 11000142 992
2180841 844726 992
11000142 5918982 992
1604181 1569779 991
1569779 1604181 991
289882 179249 987
179249 289882 987
9226282 3250422 983
3250422 9226282 983
1724537 1549298 983
1549298 1724537 983
3669372 1462312 982
1619955 1050569 982
1462312 3669372 982
1050569 1619955 982
901849 289882 978
289882 901849 978
2188071 1615633 978
1615633 2188071 978
677520 1050569 976
1050569 677520 976
3746032 2065031 975
3384822 1298028 975
2065031 3746032 975
1821047 1619955 975
1619955 1821047 975
1298028 3384822 975
1593883 1480133 973
1480133 1593883 973
8086572 5786112 972
8086572 3538682 972
5786112 8086572 972
3538682 8086572 972
291864 228852 970
228852 291864 970
1438780 1060260 970
1060260 1438780 970
2180841 1800430 969
1800430 2180841 969
901849 521511 965
521511 901849 965
1619955 1285270 964
1285270 1619955 964
7115932 3138542 963
3138542 7115932 963
1323541 1060260 963
1060260 1323541 963
521511 4260482 962
4260482 521511 962
3138542 18601481 962
18601481 3138542 962
1455557 1285270 959
1285270 1455557 959
430174 2148441 956
3669372 1645625 956
2148441 430174 956
1645625 3669372 956
8086572 1625447 955
2384451 2065031 955
2065031 2384451 955
1625447 8086572 955
8283842 13402242 954
2504992 1569779 954
1569779 2504992 954
13402242 8283842 954
8230742 1691571 952
1691571 8230742 952
1388968 1323541 952
1323541 1388968 952
1649148 1323541 950
1323541 1649148 950
2891482 1755011 949
1755011 2891482 949
1615633 1323541 949
1323541 1615633 949
9695932 9299262 947
9299262 9695932 947
9299262 521511 947
521511 9299262 947
844726 2252591 943
2252591 844726 943
521511 220424 940
220424 521511 940
9226282 1731963 939
389014 1569779 939
1731963 9226282 939
1569779 389014 939
5157902 291864 938
291864 5157902 938
291864 1223634 935
1619955 1480133 935
1619955 1455557 935
1480133 1619955 935
1455557 1619955 935
1223634 291864 935
7921702 1818471 934
521511 179249 934
1818471 7921702 934
179249 521511 934
9226282 1619955 933
8230742 4663992 933
4663992 8230742 933
1619955 9226282 933
8086572 6542142 932
700653 515018 932
6542142 8086572 932
5466742 1060260 932
515018 700653 932
3169542 1060260 932
18401856 1189589 932
1189589 18401856 932
1060260 5466742 932
1060260 3169542 932
901849 3538682 931
8230742 5918982 931
5918982 8230742 931
5918982 1818471 931
3538682 901849 931
1818471 5918982 931
18354966 1691571 930
1691571 18354966 930
4663992 1818471 928
1818471 4663992 928
8086572 3167582 925
3167582 8086572 925
1631157 1619955 924
1619955 1631157 924
9299262 4260482 923
4260482 9299262 923
14837862 1060260 923
1060260 14837862 923
430174 1298028 919
3483762 1480133 919
1480133 3483762 919
1298028 430174 919
221224 2065031 918
2065031 221224 918
3669372 1342606 917
1342606 3669372 917
245298 134063 916
134063 245298 916
844726 4093012 915
4093012 844726 915
2252591 1187265 915
1187265 2252591 915
389014 252744 910
252744 389014 910
844726 1187265 908
3483762 291864 908
291864 3483762 908
221224 1462312 908
1462312 221224 908
1187265 844726 908
221224 1323541 907
1625447 1326081 907
1326081 1625447 907
1323541 221224 907
1592417 1323541 906
1323541 1592417 906
1998291 1615633 905
1615633 1998291 905
18222541 1060260 904
1060260 18222541 904
3979102 1733753 902
1733753 3979102 902
1619955 1388968 901
1388968 1619955 901
430174 3384822 900
3821202 1388968 900
3384822 430174 900
1388968 3821202 900
700653 4260482 898
4260482 700653 898
930480 1800430 897
595364 1218322 897
1800430 930480 897
1218322 595364 897
9708402 1615633 892
901849 8086572 892
8086572 901849 892
228852 1684727 892
1684727 228852 892
1615633 9708402 892
1593883 1529682 892
1529682 1593883 892
9695932 1625447 891
228852 1724537 891
1724537 228852 891
1625447 9695932 891
220424 1618110 890
1618110 220424 890
3867072 1615633 889
310796 134063 889
1615633 3867072 889
134063 310796 889
4197032 2065031 888
228852 2065031 888
2065031 4197032 888
2065031 228852 888
811698 1782198 885
677520 1724537 885
291864 1323541 885
1782198 811698 885
1724537 677520 885
14837862 1050569 885
1323541 291864 885
1050569 14837862 885
18401856 1281480 884
1281480 18401856 884
1480133 1223634 883
1223634 1480133 883
700653 3538682 882
3538682 700653 882
1693722 1285270 882
1285270 1693722 882
430174 252744 881
3538682 1625447 881
3483762 1187265 881
3138542 1187265 881
289882 1189589 881
252744 430174 881
1645625 1462312 881
1625447 3538682 881
1462312 1645625 881
1189589 289882 881
1187265 3483762 881
1187265 3138542 881
901849 2727952 879
844726 1818471 879
2727952 901849 879
2148441 1695578 879
1818471 844726 879
1695578 2148441 879
6978792 1569779 878
1615633 1600181 878
1600181 1615633 878
1569779 6978792 878
1619955 12009222 877
12009222 1619955 877
3867072 1060260 876
1060260 3867072 876
18354966 1187265 875
1187265 18354966 875
844726 18802240 874
4260482 3538682 874
3538682 4260482 874
3483762 221224 874
291864 1615633 874
221224 3483762 874
18802240 844726 874
1615633 291864 874
1600425 1569779 874
1569779 1600425 874
9226282 1800430 872
700653 389014 872
389014 700653 872
1800430 9226282 872
1684727 1615633 872
1615633 1684727 872
844726 1649148 870
1649148 844726 870
1818471 1225993 868
1225993 1818471 868
844726 12870022 866
3750672 1060260 866
12870022 844726 866
1060260 3750672 866
6538032 289882 865
289882 6538032 865
2252591 1800430 864
1800430 2252591 864
430174 1625447 863
3821202 3483762 863
3483762 3821202 863
1625447 430174 863
4260482 289882 861
289882 4260482 861
1619955 14837862 861
14837862 1619955 861
5849392 1050569 860
289882 1695578 860
1695578 289882 860
1050569 5849392 860
7921702 18354966 859
18354966 7921702 859
3250422 1187265 857
221224 1800430 857
1800430 221224 857
1187265 3250422 857
18602254 1615633 856
1615633 18602254 856
1615633 1569779 856
1615633 134063 856
1569779 1615633 856
134063 1615633 856
7115932 5918982 855
5918982 7115932 855
1684727 1050569 854
1050569 1684727 854
844726 1675038 853
1675038 844726 853
3538682 1695578 852
1695578 3538682 852
1593883 1060260 851
1060260 1593883 851
5157902 221224 850
2252591 2065031 850
221224 5157902 850
2065031 2252591 850
289882 220424 849
220424 289882 849
1695578 1625447 849
1625447 1695578 849
521511 2727952 848
2727952 521511 848
228852 1800430 848
1800430 228852 848
1500617 1479378 847
1479378 1500617 847
844726 1600710 845
1600710 844726 845
8642542 1438780 844
1438780 8642542 844
8086572 4260482 843
4260482 8086572 843
3979102 1800430 841
1800430 3979102 841
700653 289882 839
289882 700653 839
3138542 2891482 838
2891482 3138542 838
3669372 18401856 836
18401856 3669372 836
700653 1695578 835
5786112 4260482 835
4260482 5786112 835
18365088 1615633 835
1695578 700653 835
1615633 18365088 835
7334922 2252591 834
3483762 1569779 834
2252591 7334922 834
18222541 1619955 834
1619955 18222541 834
1569779 3483762 834
9708402 1593883 833
252744 1625447 833
1625447 252744 833
1593883 9708402 833
806374 1327602 831
5466742 1619955 831
1619955 5466742 831
1327602 806374 831
3821202 1615633 830
1615633 3821202 830
844726 1593883 829
844726 13109482 829
2727952 1625447 829
1724537 1615633 829
1625447 2727952 829
1615633 1724537 829
1593883 844726 829
13109482 844726 829
9226282 14136242 827
8086572 1189589 827
3138542 1225993 827
14136242 9226282 827
1225993 3138542 827
1189589 8086572 827
4260482 389014 826
4260482 1462312 826
389014 4260482 826
1462312 4260482 826
1695578 1223634 825
1223634 1695578 825
2603182 1455557 822
1455557 2603182 822
936790 901849 821
901849 936790 821
3669372 1298028 821
1298028 3669372 821
8283842 1060260 820
1060260 8283842 820
9695932 4260482 819
936790 783758 819
783758 936790 819
4663992 3138542 819
430174 1310760 819
4260482 9695932 819
3855312 1619955 819
3138542 4663992 819
1619955 3855312 819
1310760 430174 819
18712511 1818471 818
1818471 18712511 818
1592417 1462312 818
1462312 1592417 818
4260482 2727952 816
3483762 1691571 816
2727952 4260482 816
16927002 1619955 816
1691571 3483762 816
1619955 16927002 816
18712511 18601481 815
18601481 18712511 815
18293206 1615633 815
1615633 18293206 815
9226282 1615633 814
1615633 9226282 814
7115932 18354966 813
430174 3669372 813
3669372 430174 813
18354966 7115932 813
1800430 1733753 813
1733753 1800430 813
677520 3138542 812
3138542 677520 812
8763012 1788730 811
2065031 1631157 811
1788730 8763012 811
1631157 2065031 811
1480133 1060260 810
1060260 1480133 810
389014 2148441 809
2148441 389014 809
844726 3620912 808
3620912 844726 808
844726 134063 807
7921702 3138542 807
3538682 2727952 807
3138542 7921702 807
2727952 3538682 807
134063 844726 807
9695932 901849 806
901849 9695932 806
1619955 1600181 805
1600181 1619955 805
936790 4904682 804
4904682 936790 804
3138542 1350427 804
1350427 3138542 804
936790 10352622 803
844726 1693722 803
18401856 1462312 803
1693722 844726 803
1462312 18401856 803
10352622 936790 803
3140752 1480133 802
1480133 3140752 802
9299262 3538682 801
844726 1562819 801
3538682 9299262 801
1562819 844726 801
7334922 1800430 798
469099 220424 798
220424 469099 798
1800430 7334922 798
134063 1187265 798
1187265 134063 798
521511 1189589 797
4027502 2065031 797
2065031 4027502 797
2065031 18601481 797
18601481 2065031 797
1189589 521511 797
6576612 1569779 796
5918982 1225993 796
1569779 6576612 796
1225993 5918982 796
930480 1455557 795
677520 2065031 795
2065031 677520 795
1600181 1060260 795
1455557 930480 795
1060260 1600181 795
7334922 3979102 794
3979102 7334922 794
3538682 2148441 794
2148441 3538682 794
1592417 1388968 794
1388968 1592417 794
291864 1724537 793
1800430 1592417 793
1724537 291864 793
1649148 1619955 793
1619955 1649148 793
1592417 1800430 793
4260482 2148441 792
221224 1060260 792
2148441 4260482 792
1818471 1800430 792
1800430 1818471 792
1060260 221224 792
844726 4011762 789
844726 14837862 789
806374 1592417 789
4011762 844726 789
1592417 806374 789
14837862 844726 789
9299262 289882 788
7921702 1691571 788
289882 9299262 788
1691571 7921702 788
700653 1625447 787
430174 2727952 787
2727952 430174 787
1625447 700653 787
3169542 1619955 786
1619955 3169542 786
1592417 1060260 786
1060260 1592417 786
844726 10111392 785
430174 179249 785
3167582 18401856 785
18401856 3167582 785
179249 430174 785
1724537 1285270 785
1285270 1724537 785
10111392 844726 785
936790 1569779 784
5918982 18354966 784
3483762 3286622 784
3286622 3483762 784
18354966 5918982 784
1569779 936790 784
936790 3669372 783
389014 220424 783
3669372 936790 783
3538682 220424 783
220424 389014 783
220424 3538682 783
18410907 10241502 783
1455557 1060260 783
1060260 1455557 783
10241502 18410907 783
9868522 220424 782
8230742 1225993 782
220424 9868522 782
1225993 8230742 782
8086572 1724725 781
2180841 1615633 781
2148441 1562819 781
1724725 8086572 781
1615633 2180841 781
1562819 2148441 781
1800430 1323541 780
1323541 1800430 780
9226282 4027502 779
521511 389014 779
4260482 3669372 779
4027502 9226282 779
389014 521511 779
3669372 4260482 779
844726 1805676 778
1805676 844726 778
1333474 1060260 776
1223634 10241502 776
1060260 1333474 776
10241502 1223634 776
9226282 18701149 775
607567 1416936 775
18701149 9226282 775
1416936 607567 775
9226282 4197032 773
4197032 9226282 773
844726 8230742 771
8230742 844726 771
3538682 1462312 771
1462312 3538682 771
1298028 1135439 771
1135439 1298028 771
844726 1455557 770
3384822 1342606 770
1455557 844726 770
1342606 3384822 770
930480 2065031 769
700653 157085 769
2292081 1416936 769
2065031 930480 769
157085 700653 769
1416936 2292081 769
700653 2727952 768
2727952 700653 768
9142782 2571002 767
6542142 521511 767
521511 6542142 767
2571002 9142782 767
2065031 1755011 767
1755011 2065031 767
6538002 2415362 766
2415362 6538002 766
232940 1782198 766
1782198 232940 766
2065031 1480133 765
1480133 2065031 765
4197032 1187265 764
1187265 4197032 764
5157902 1480133 763
2603182 1800430 763
1800430 2603182 763
1480133 5157902 763
9695932 5786112 762
7921702 4663992 762
5786112 9695932 762
537232 1626113 762
5157902 3483762 762
4663992 7921702 762
3483762 5157902 762
1626113 537232 762
844726 3064552 761
677520 1619955 761
5466742 1615633 761
3483762 2603182 761
3064552 844726 761
2603182 3483762 761
221224 1388968 761
1619955 677520 761
1619955 120903 761
1615633 5466742 761
1592417 1327602 761
1388968 221224 761
1327602 1592417 761
120903 1619955 761
5786112 1625447 759
5157902 1327602 759
291864 1619955 759
1625447 5786112 759
1619955 291864 759
1327602 5157902 759
936790 16436602 758
932428 1550016 758
844726 1582256 758
3250422 1615633 758
16436602 936790 758
1615633 3250422 758
1582256 844726 758
1550016 932428 758
7379612 1060260 757
1060260 7379612 757
2065031 14136242 756
16389012 1569779 756
1569779 16389012 756
14136242 2065031 756
9299262 430174 755
844726 1478546 755
430174 9299262 755
1478546 844726 755
1437909 1218322 755
1218322 1437909 755
6857382 2065031 753
2065031 6857382 753
2065031 11000142 753
1388968 1285270 753
1285270 1388968 753
11000142 2065031 753
6574962 1569779 752
3207922 1600425 752
1600425 3207922 752
1569779 6574962 752
844726 7723852 751
8086572 1695578 751
7723852 844726 751
1821047 1323541 751
1695578 8086572 751
1569779 1303479 751
1323541 1821047 751
1303479 1569779 751
1615633 1187265 750
1187265 1615633 750
6542142 289882 749
289882 6542142 749
7334922 3483762 748
3483762 7334922 748
1821047 1060260 748
1462312 1342606 748
1342606 1462312 748
1060260 1821047 748
700653 1421812 747
1645625 1569779 747
1569779 1645625 747
1421812 700653 747
1060260 1050569 746
1050569 1060260 746
9299262 1625447 745
3550522 1569779 745
3483762 1223634 745
1625447 9299262 745
1569779 3550522 745
1225993 1187265 745
1223634 3483762 745
1187265 1225993 745
9868522 3669372 744
3669372 9868522 744
521511 2148441 743
2148441 521511 743
1569779 1359710 743
1359710 1569779 743
8230742 18712511 742
5786112 289882 742
289882 5786112 742
18712511 8230742 742
9226282 3746032 741
700653 2148441 741
3746032 9226282 741
2148441 700653 741
120903 1060260 741
1060260 120903 741
529523 1625447 739
3979102 14344342 739
1625447 529523 739
14344342 3979102 739
806374 1695578 738
6538032 2504992 738
5918982 18712511 738
2504992 6538032 738
228852 221293 738
221293 228852 738
18712511 5918982 738
1695578 806374 738
18523887 15647112 737
15647112 18523887 737
700653 1462312 736
4124472 2771062 736
3821202 2065031 736
2771062 4124472 736
2065031 3821202 736
18401856 1604181 736
1604181 18401856 736
1462312 700653 736
806374 5157902 735
5157902 806374 735
2727952 1695578 735
1695578 2727952 735
18387281 1777521 734
1777521 18387281 734
844726 2148441 733
3384822 1645625 733
2148441 844726 733
1645625 3384822 733
1645625 1298028 733
1298028 1645625 733
844726 3361342 732
595364 1437909 732
3361342 844726 732
1437909 595364 732
9226282 18514297 731
8230742 1800430 731
7334922 1615633 731
6574962 18401856 731
18514297 9226282 731
18401856 6574962 731
1800430 8230742 731
1615633 7334922 731
4260482 1645625 730
1645625 4260482 730
3483762 1388968 729
1615633 1388968 729
1479378 1313889 729
1388968 3483762 729
1388968 1615633 729
1313889 1479378 729
9226282 17599462 728
1821047 1615633 728
17599462 9226282 728
1615633 1821047 728
9226282 2252591 727
844726 54659 727
54659 844726 727
4663992 1187265 727
2252591 9226282 727
1475137 1060260 727
1187265 4663992 727
1060260 1475137 727
321601 228852 726
228852 321601 726
1618110 1462312 726
1462312 1618110 726
9708402 1438780 725
9299262 6538032 725
6538032 9299262 725
3538682 1504976 725
1693722 1619955 725
1619955 1693722 725
1504976 3538682 725
1438780 9708402 725
9226282 18601481 724
5786112 521511 724
5466742 3483762 724
521511 5786112 724
3979102 3250422 724
3483762 5466742 724
3250422 3979102 724
3140752 1592417 724
18601481 9226282 724
1600710 1592417 724
1592417 3140752 724
1592417 1600710 724
8552732 18401856 723
220424 1421812 723
18401856 8552732 723
1615633 1050569 723
1421812 220424 723
1050569 1615633 723
901849 700653 722
844726 18354966 722
844726 1777521 722
700653 901849 722
220424 1625447 722
18354966 844726 722
1777521 844726 722
1733753 134063 722
1625447 220424 722
134063 1733753 722
18354966 1731963 721
1731963 18354966 721
430174 289882 720
389014 289882 720
289882 430174 720
289882 389014 720
18651835 18401856 720
18401856 18651835 720
9868522 3384822 719
5968852 1569779 719
3384822 9868522 719
1569779 5968852 719
607567 2292081 718
2292081 607567 718
9695932 6542142 717
6542142 9695932 717
63891 1726395 717
3483762 1438780 717
1726395 63891 717
1569779 1562819 717
1562819 1569779 717
1438780 3483762 717
1800430 1285270 716
1618110 1298028 716
1298028 1618110 716
1285270 1800430 716
521511 1303479 715
3674972 1615633 715
3483762 1777521 715
2603182 2065031 715
2065031 2603182 715
1777521 3483762 715
1615633 3674972 715
1303479 521511 715
9868522 430174 714
529523 389014 714
430174 9868522 714
389014 529523 714
289882 2727952 714
2727952 289882 714
1800430 1691571 714
1691571 1800430 714
1615633 15366522 714
15366522 1615633 714
7334922 3286622 713
677520 1800430 713
3286622 7334922 713
3250422 1800430 713
1800430 677520 713
1800430 3250422 713
844726 7334922 712
8230742 7115932 712
7334922 844726 712
7115932 8230742 712
3483762 1695578 712
18601481 18354966 712
18354966 18601481 712
1695578 3483762 712
3483762 1323541 711
18401856 13658222 711
13658222 18401856 711
1323541 3483762 711
54659 228852 710
529523 430174 710
430174 529523 710
252744 18401856 710
228852 54659 710
18401856 252744 710
1777521 1615633 710
1615633 1777521 710
9868522 1298028 708
844726 18401856 708
18401856 844726 708
1684727 1619955 708
1619955 1684727 708
1298028 9868522 708
3538682 10352622 707
245298 1777521 707
1777521 245298 707
10352622 3538682 707
936790 3538682 706
8086572 6574962 706
6574962 8086572 706
5157902 228852 706
3538682 936790 706
3483762 2180841 706
228852 5157902 706
2180841 3483762 706
1613028 1518368 706
1518368 1613028 706
9299262 6542142 705
8283842 1187265 705
6542142 9299262 705
3384822 1135439 705
1187265 8283842 705
1135439 3384822 705
806374 228852 704
228852 806374 704
1569779 1421812 704
1421812 1569779 704
1388968 1060260 704
1060260 1388968 704
8552732 1569779 703
7115932 1818471 703
5466742 134063 703
252744 1569779 703
2421242 1060260 703
1818471 7115932 703
1649148 1060260 703
1569779 8552732 703
1569779 252744 703
134063 5466742 703
1060260 2421242 703
1060260 1649148 703
9226282 18931128 702
901849 220424 702
5157902 1223634 702
3140752 1724537 702
220424 901849 702
18931128 9226282 702
1724537 3140752 702
1592417 1569779 702
1569779 1592417 702
1223634 5157902 702
9708402 8642542 701
8642542 9708402 701
4260482 3384822 701
3669372 1135439 701
3384822 4260482 701
1135439 3669372 701
8763012 2065031 700
2065031 8763012 700
844726 5466742 699
5466742 844726 699
430174 1669064 699
1669064 430174 699
9695932 2727952 698
291864 1388968 698
2727952 9695932 698
1800430 1050569 698
1388968 291864 698
1050569 1800430 698
228852 1569779 696
1569779 228852 696
806374 3483762 695
7334922 1733753 695
537232 2875842 695
515018 430174 695
430174 515018 695
3483762 806374 695
2875842 537232 695
1998291 1592417 695
1733753 7334922 695
1592417 1998291 695
515018 1569779 694
4785972 1818471 694
4260482 1298028 694
3138542 1800430 694
1818471 4785972 694
1800430 3138542 694
1733753 14344342 694
1569779 515018 694
14344342 1733753 694
1298028 4260482 694
5918982 1724537 693
430174 260611 693
3140752 291864 693
291864 3140752 693
260611 430174 693
1724537 5918982 693
930480 844726 692
844726 930480 692
8283842 2701562 692
430174 1618110 692
291864 10236112 692
2701562 8283842 692
1618110 430174 692
10236112 291864 692
930480 1187265 691
7334922 2065031 691
2701562 1060260 691
2065031 7334922 691
1675038 13402242 691
13402242 1675038 691
1187265 930480 691
1060260 2701562 691
9695932 179249 690
179249 9695932 690
1669064 1462312 690
1462312 1669064 690
8763012 8283842 689
8283842 8763012 689
2188071 1593883 689
1593883 2188071 689
12523062 1060260 689
1060260 12523062 689
2603182 1693722 688
1693722 2603182 688
4608112 1460880 687
3483762 134063 687
2603182 1285270 687
1460880 4608112 687
134063 3483762 687
1285270 2603182 687
9226282 11366332 686
7937352 2065031 686
2065031 7937352 686
18401856 1053815 686
1342606 1298028 686
1298028 1342606 686
12009222 1060260 686
11366332 9226282 686
1060260 12009222 686
1053815 18401856 686
529523 18401856 685
252744 2148441 685
2148441 252744 685
2065031 17599462 685
18401856 529523 685
17599462 2065031 685
2252591 1438780 684
1731963 1691571 684
1691571 1731963 684
1438780 2252591 684
5918982 1800430 683
2180841 2065031 683
2065031 2180841 683
1800430 5918982 683
1731963 1350427 683
1350427 1731963 683
4663992 1225993 682
4575442 3597522 682
3750672 1619955 682
3597522 4575442 682
3483762 1593883 682
2065031 134063 682
1619955 3750672 682
1593883 3483762 682
134063 2065031 682
1225993 4663992 682
9695932 1189589 681
901849 6538032 681
6576612 18401856 681
6538032 901849 681
18401856 6576612 681
1569779 1310760 681
1569779 1053815 681
1310760 1569779 681
1189589 9695932 681
1053815 1569779 681
9142782 2239061 680
8567532 3138542 680
844726 12956702 680
8283842 1811614 680
7921702 7115932 680
7115932 7921702 680
3483762 18354966 680
3138542 8567532 680
228852 134063 680
2239061 9142782 680
18354966 3483762 680
1811614 8283842 680
1782198 10968392 680
134063 228852 680
12956702 844726 680
10968392 1782198 680
9268602 3214422 679
8086572 2727952 679
3214422 9268602 679
2727952 8086572 679
1592417 1439730 679
1569779 1281480 679
1439730 1592417 679
1281480 1569779 679
2432842 11063732 678
1800430 1631157 678
1631157 1800430 678
11063732 2432842 678
9226282 2384451 677
2384451 9226282 677
1821047 1050569 677
1050569 1821047 677
844726 3538682 676
3538682 844726 676
9695932 6576612 675
9299262 220424 675
844726 4663992 675
6576612 9695932 675
5849392 1060260 675
4663992 844726 675
220424 9299262 675
1569779 13658222 675
13658222 1569779 675
1060260 5849392 675
9299262 5786112 674
901849 3167582 674
5786112 9299262 674
3167582 901849 674
9695932 700653 673
700653 9695932 673
4260482 1342563 673
3138542 18654127 673
18654127 3138542 673
1342563 4260482 673
901849 430174 672
430174 901849 672
3538682 3167582 672
3167582 3538682 672
2065031 16411802 672
16411802 2065031 672
220424 1310760 671
2148441 1600425 671
18401856 1645625 671
1645625 18401856 671
1600425 2148441 671
1310760 220424 671
7379612 1619955 670
5918982 1731963 670
4785972 2065031 670
3483762 1684727 670
2065031 4785972 670
1731963 5918982 670
1703132 1569779 670
1684727 3483762 670
1619955 7379612 670
1569779 1703132 670
8230742 1060260 669
8086572 2148441 669
3821202 1619955 669
289882 1342563 669
2148441 8086572 669
1619955 3821202 669
1342563 289882 669
1285270 1060260 669
1060260 8230742 669
1060260 1285270 669
3550522 1695578 668
2180841 1187265 668
2065031 1388968 668
1695578 3550522 668
1619955 1174738 668
1388968 2065031 668
1187265 2180841 668
1174738 1619955 668
9226282 1592417 667
18523887 16436602 667
1756710 1240980 667
16436602 18523887 667
1592417 9226282 667
1240980 1756710 667
5918982 4663992 666
521511 1342563 666
4904682 18401856 666
4663992 5918982 666
3669372 10830232 666
18401856 4904682 666
1577338 1453775 666
1569779 1342606 666
1453775 1577338 666
1342606 1569779 666
1342563 521511 666
10830232 3669372 666
936790 1342606 665
291864 10241502 665
2252591 1777521 665
1777521 2252591 665
1645625 1342606 665
1342606 936790 665
1342606 1645625 665
10241502 291864 665
7115932 4663992 664
677520 2243001 664
5918982 1619955 664
4663992 7115932 664
4663992 3483762 664
3483762 4663992 664
2243001 677520 664
1777521 1187265 664
1619955 5918982 664
1187265 1777521 664
54659 221224 662
289882 2148441 662
221224 54659 662
2148441 289882 662
844726 3286622 661
844726 306129 661
3286622 844726 661
306129 844726 661
1480133 10241502 661
10241502 1480133 661
8763012 1060260 660
3214422 1672470 660
1821047 1285270 660
1684727 1060260 660
1672470 3214422 660
1285270 1821047 660
1060260 8763012 660
1060260 1684727 660
291864 1327602 659
18383094 1060260 659
1529682 1438780 659
1438780 1529682 659
1327602 291864 659
1060260 18383094 659
844726 1657793 658
4260482 1618110 658
3867072 1593883 658
3538682 179249 658
3483762 16761012 658
33172 1313889 658
179249 3538682 658
16761012 3483762 658
1657793 844726 658
1618110 4260482 658
1593883 3867072 658
1313889 33172 658
9142782 10830232 657
8283842 1619955 657
5157902 1724537 657
5120822 2065031 657
2065031 5120822 657
18802240 18410907 657
18410907 18802240 657
1724537 5157902 657
1631157 1187265 657
1619955 8283842 657
1187265 1631157 657
10830232 9142782 657
529523 1759622 656
3483762 1998291 656
1998291 3483762 656
1759622 529523 656
7334922 134063 655
228852 1050569 655
1724537 1619955 655
1619955 1724537 655
134063 7334922 655
1050569 228852 655
8230742 4197032 654
4197032 8230742 654
1818471 1060260 654
1777521 1733753 654
1733753 1777521 654
1060260 1818471 654
4904682 15647112 653
430174 1645625 653
389014 3538682 653
3538682 389014 653
3140752 228852 653
228852 3140752 653
18523887 16471832 653
18401856 16389012 653
1724537 1323541 653
16471832 18523887 653
1645625 430174 653
16389012 18401856 653
15647112 4904682 653
1323541 1724537 653
844726 1438780 652
536477 3538682 652
4394122 1240980 652
430174 1695578 652
3538682 536477 652
1695578 430174 652
1438780 844726 652
1240980 4394122 652
3867072 1438780 651
18401856 1562819 651
1592417 12870022 651
1569779 1128669 651
1562819 18401856 651
1438780 3867072 651
12870022 1592417 651
1128669 1569779 651
901849 1189589 650
7334922 2180841 650
3604072 2000451 650
3138542 1060260 650
228852 1323541 650
2180841 7334922 650
2000451 3604072 650
1480133 1323541 650
1323541 228852 650
1323541 1480133 650
1189589 901849 650
1060260 3138542 650
3483762 3140752 649
3140752 3483762 649
3138542 1592417 649
221224 12870022 649
2065031 1323541 649
1592417 3138542 649
1323541 2065031 649
12870022 221224 649
811698 10968392 648
3979102 1187265 648
389014 2727952 648
2727952 389014 648
2603182 1615633 648
1615633 2603182 648
1615633 12870022 648
12870022 1615633 648
1187265 3979102 648
10968392 811698 648
3979102 3483762 647
3483762 3979102 647
3167582 1724725 647
2252591 1691571 647
1724725 3167582 647
1691571 2252591 647
8283842 14638342 646
14638342 8283842 646
430174 1604181 645
3746032 3138542 645
3138542 3746032 645
