844726 1592417 5978
1592417 844726 5978
1619955 1060260 4622
1060260 1619955 4622
844726 221224 4477
221224 844726 4477
9226282 2065031 3646
2065031 9226282 3646
844726 1724537 3407
1724537 844726 3407
3286622 2252591 3285
2252591 3286622 3285
221224 1592417 3284
1592417 221224 3284
8086572 1569779 2889
1569779 8086572 2889
18401856 1569779 2846
1569779 18401856 2846
221224 1724537 2737
1724537 221224 2737
2065031 1691571 2587
1691571 2065031 2587
844726 291864 2543
291864 844726 2543
521511 1569779 2453
1569779 521511 2453
1724537 1592417 2428
1592417 1724537 2428
2065031 1818471 2424
1818471 2065031 2424
8230742 2065031 2304
2065031 8230742 2304
844726 1480133 2265
1480133 844726 2265
1777521 134063 2263
134063 1777521 2263
521511 3538682 2247
3538682 521511 2247
844726 1684727 2244
1684727 844726 2244
1619955 1615633 2231
1615633 1619955 2231
844726 3483762 2129
3483762 844726 2129
1733753 1060260 2122
1060260 1733753 2122
3138542 2065031 2120
2065031 3138542 2120
844726 1619955 2113
1619955 844726 2113
844726 1050569 2110
1050569 844726 2110
1615633 1593883 2049
1593883 1615633 2049
289882 1569779 2040
1569779 289882 2040
3167582 1569779 2036
1569779 3167582 2036
9695932 1569779 2027
1569779 9695932 2027
844726 1615633 2022
1615633 844726 2022
844726 1285270 2020
1285270 844726 2020
901849 1569779 2016
1569779 901849 2016
228852 221224 2015
221224 228852 2015
9226282 18354966 1996
18354966 9226282 1996
3538682 1569779 1984
1569779 3538682 1984
1800430 1060260 1973
1060260 1800430 1973
6538032 1569779 1972
1569779 6538032 1972
3979102 1060260 1968
1060260 3979102 1968
8230742 1818471 1962
1818471 8230742 1962
844726 5157902 1936
5157902 844726 1936
8086572 18401856 1931
18401856 8086572 1931
844726 228852 1895
228852 844726 1895
2065031 18354966 1891
18354966 2065031 1891
9226282 8230742 1888
8230742 9226282 1888
134063 1060260 1888
1060260 134063 1888
844726 1323541 1882
1323541 844726 1882
9226282 1818471 1874
1818471 9226282 1874
844726 2065031 1852
2065031 844726 1852
9226282 1691571 1845
1691571 9226282 1845
2065031 1187265 1840
1187265 2065031 1840
521511 18401856 1836
18401856 521511 1836
1800430 1619955 1833
1619955 1800430 1833
844726 1223634 1820
1223634 844726 1820
9868522 1462312 1819
1462312 9868522 1819
7334922 1060260 1803
1060260 7334922 1803
4663992 2065031 1756
2065031 4663992 1756
1615633 1438780 1750
1438780 1615633 1750
677520 221224 1749
221224 677520 1749
1615633 1060260 1745
1060260 1615633 1745
18401856 1625447 1738
1625447 18401856 1738
220424 1298028 1737
1298028 220424 1737
844726 677520 1727
677520 844726 1727
221224 1684727 1723
1684727 221224 1723
1625447 1569779 1722
1569779 1625447 1722
2065031 1225993 1720
1225993 2065031 1720
844726 1060260 1705
1060260 844726 1705
1777521 1060260 1702
1060260 1777521 1702
844726 5918982 1701
5918982 844726 1701
14344342 1060260 1697
1060260 14344342 1697
9226282 3138542 1690
3138542 9226282 1690
8552732 1600425 1688
1600425 8552732 1688
3538682 18401856 1675
18401856 3538682 1675
3979102 1619955 1664
1619955 3979102 1664
5918982 2065031 1663
2065031 5918982 1663
9299262 18401856 1662
18401856 9299262 1662
1187265 1060260 1654
1060260 1187265 1654
9695932 18401856 1643
18401856 9695932 1643
9226282 1187265 1639
1187265 9226282 1639
1323541 1050569 1638
1050569 1323541 1638
844726 1388968 1617
3604052 2252591 1617
2252591 3604052 1617
1388968 844726 1617
1695578 1569779 1616
1569779 1695578 1616
3138542 18712511 1606
18712511 3138542 1606
1569779 1189589 1599
1189589 1569779 1599
2727952 1569779 1596
1569779 2727952 1596
9299262 1569779 1592
1569779 9299262 1592
3483762 1619955 1587
1619955 3483762 1587
3483762 1615633 1584
1615633 3483762 1584
9226282 4663992 1580
4663992 9226282 1580
2252591 1619955 1579
1619955 2252591 1579
7115932 2065031 1565
2065031 7115932 1565
1733753 1619955 1563
1619955 1733753 1563
4260482 18401856 1562
18401856 4260482 1562
430174 220424 1557
220424 430174 1557
2148441 18401856 1548
18401856 2148441 1548
221224 1050569 1533
1050569 221224 1533
6538032 521511 1531
521511 6538032 1531
7921702 2065031 1529
2065031 7921702 1529
1619955 134063 1524
134063 1619955 1524
