844726 1592417 5978
1592417 844726 5978
1619955 1060260 4622
1060260 1619955 4622
844726 221224 4477
221224 844726 4477
9226282 2065031 3646
2065031 9226282 3646
844726 1724537 3407
1724537 844726 3407
3286622 2252591 3285
2252591 3286622 3285
221224 1592417 3284
1592417 221224 3284
8086572 1569779 2889
1569779 8086572 2889
18401856 1569779 2846
1569779 18401856 2846
221224 1724537 2737
1724537 221224 2737
2065031 1691571 2587
1691571 2065031 2587
844726 291864 2543
291864 844726 2543
521511 1569779 2453
1569779 521511 2453
1724537 1592417 2428
1592417 1724537 2428
2065031 1818471 2424
1818471 2065031 2424
8230742 2065031 2304
2065031 8230742 2304
844726 1480133 2265
1480133 844726 2265
1777521 134063 2263
134063 1777521 2263
521511 3538682 2247
3538682 521511 2247
844726 1684727 2244
1684727 844726 2244
1619955 1615633 2231
1615633 1619955 2231
844726 3483762 2129
3483762 844726 2129
1733753 1060260 2122
1060260 1733753 2122
3138542 2065031 2120
2065031 3138542 2120
844726 1619955 2113
1619955 844726 2113
